-5 -3.5 0 -1.5
0 -1.5 0.25 -0.5
0.25 -0.5 0.25 5.5
0.25 5.5 -2.75 3.5
-2.75 3.5 -3 3
-3 3 -3 2.5
-3 2.5 -1.5 1
-1.5 1 -3.75 -0.5
-3.75 -0.5 -3.75 2.5
-3.75 2.5 -5.75 2
-5.75 2 -6 1.5
-6 1.5 -6 1
-6 1 -5 -3.5
-1 -0.5 5 -0.5
5 -0.5 5.25 0.5
5.25 0.5 3.25 3.5
3.25 3.5 1.25 1.5
1.25 1.5 -0.0833333 3.5
-0.0833333 3.5 2 3.5
2 3.5 2.25 4.5
2.25 4.5 1.75 6.5
1.75 6.5 -2.75 5.5
-2.75 5.5 -3 5
-3 5 -3 4.5
-3 4.5 -1 -0.5
-1.5 -6.5 3 -5.5
3 -5.5 3.25 -4.5
3.25 -4.5 1.25 0.5
1.25 0.5 -4.75 0.5
-4.75 0.5 -5 0
-5 0 -5 -0.5
-5 -0.5 -3 -3.5
-3 -3.5 -1 -1.5
-1 -1.5 0.333333 -3.5
0.333333 -3.5 -1.75 -3.5
-1.75 -3.5 -2 -4
-2 -4 -2 -4.5
-2 -4.5 -1.5 -6.5
0 -5.5 3 -3.5
3 -3.5 3.25 -2.5
3.25 -2.5 1.75 -1
1.75 -1 4 0.5
4 0.5 4 -2
4 -2 4 -2.5
4 -2.5 6 -2
6 -2 6.25 -1
6.25 -1 5.25 3.5
5.25 3.5 0.25 1.5
0.25 1.5 0 1
0 1 0 -5
0 -5 0 -5.5
-1 -0.5 5 -0.5
0.5 -1 0.5 5
5 -0.5 5.25 0.5
0.5 5 -0.5 5.25
5.25 0.5 3.25 3.5
-0.5 5.25 -3.5 3.25
3.25 3.5 1.25 1.5
-3.5 3.25 -1.5 1.25
1.25 1.5 -0.0833333 3.5
-1.5 1.25 -3.5 -0.0833333
-0.0833333 3.5 2 3.5
-3.5 -0.0833333 -3.5 2
2 3.5 2.25 4.5
-3.5 2 -4.5 2.25
2.25 4.5 1.75 6.5
-4.5 2.25 -6.5 1.75
1.75 6.5 -2.75 5.5
-6.5 1.75 -5.5 -2.75
-2.75 5.5 -3 5
-5.5 -2.75 -5 -3
-3 5 -3 4.5
-5 -3 -4.5 -3
-3 4.5 -1 -0.5
-4.5 -3 0.5 -1
-1 -0.5 5 -0.5
0.5 -1 0.5 5
1 0.5 -5 0.5
-0.5 1 -0.5 -5
5 -0.5 5.25 0.5
0.5 5 -0.5 5.25
-5 0.5 -5.25 -0.5
-0.5 -5 0.5 -5.25
5.25 0.5 3.25 3.5
-0.5 5.25 -3.5 3.25
-5.25 -0.5 -3.25 -3.5
0.5 -5.25 3.5 -3.25
3.25 3.5 1.25 1.5
-3.5 3.25 -1.5 1.25
-3.25 -3.5 -1.25 -1.5
3.5 -3.25 1.5 -1.25
1.25 1.5 -0.0833333 3.5
-1.5 1.25 -3.5 -0.0833333
-1.25 -1.5 0.0833333 -3.5
1.5 -1.25 3.5 0.0833333
-0.0833333 3.5 2 3.5
-3.5 -0.0833333 -3.5 2
0.0833333 -3.5 -2 -3.5
3.5 0.0833333 3.5 -2
2 3.5 2.25 4.5
-3.5 2 -4.5 2.25
-2 -3.5 -2.25 -4.5
3.5 -2 4.5 -2.25
2.25 4.5 1.75 6.5
-4.5 2.25 -6.5 1.75
-2.25 -4.5 -1.75 -6.5
4.5 -2.25 6.5 -1.75
1.75 6.5 -2.75 5.5
-6.5 1.75 -5.5 -2.75
-1.75 -6.5 2.75 -5.5
6.5 -1.75 5.5 2.75
-2.75 5.5 -3 5
-5.5 -2.75 -5 -3
2.75 -5.5 3 -5
5.5 2.75 5 3
-3 5 -3 4.5
-5 -3 -4.5 -3
3 -5 3 -4.5
5 3 4.5 3
-3 4.5 -1 -0.5
-4.5 -3 0.5 -1
3 -4.5 1 0.5
4.5 3 -0.5 1
-1 -0.5 5 -0.5
0.5 -1 0.5 5
1 0.5 -5 0.5
-0.5 1 -0.5 -5
5 -0.5 5.25 0.5
0.5 5 -0.5 5.25
-5 0.5 -5.25 -0.5
-0.5 -5 0.5 -5.25
5.25 0.5 3.25 3.5
-0.5 5.25 -3.5 3.25
-5.25 -0.5 -3.25 -3.5
0.5 -5.25 3.5 -3.25
3.25 3.5 1.25 1.5
-3.5 3.25 -1.5 1.25
-3.25 -3.5 -1.25 -1.5
3.5 -3.25 1.5 -1.25
1.25 1.5 -0.0833333 3.5
-1.5 1.25 -3.5 -0.0833333
-1.25 -1.5 0.0833333 -3.5
1.5 -1.25 3.5 0.0833333
-0.0833333 3.5 2 3.5
-3.5 -0.0833333 -3.5 2
0.0833333 -3.5 -2 -3.5
3.5 0.0833333 3.5 -2
2 3.5 2.25 4.5
-3.5 2 -4.5 2.25
-2 -3.5 -2.25 -4.5
3.5 -2 4.5 -2.25
2.25 4.5 1.75 6.5
-4.5 2.25 -6.5 1.75
-2.25 -4.5 -1.75 -6.5
4.5 -2.25 6.5 -1.75
1.75 6.5 -2.75 5.5
-6.5 1.75 -5.5 -2.75
-1.75 -6.5 2.75 -5.5
6.5 -1.75 5.5 2.75
-2.75 5.5 -3 5
-5.5 -2.75 -5 -3
2.75 -5.5 3 -5
5.5 2.75 5 3
-3 5 -3 4.5
-5 -3 -4.5 -3
3 -5 3 -4.5
5 3 4.5 3
-3 4.5 -1 -0.5
-4.5 -3 0.5 -1
3 -4.5 1 0.5
4.5 3 -0.5 1
